lidar1
1
-327.6489507706871 -58.198658385320954 940.0731928883774
2
-386.3584230472185 247.1076957499769 889.013809506391
3
287.9270250488422 253.7314684382135 987.9997300641555
4
304.80422567122145 -77.61200992743473 1003.504333160507
lidar2
1
-319.31533779795956 -60.06168826184385 943.6416950775857
2
-376.4505231961872 249.1128399362266 893.9067380561755
3
352.8055240118339 236.03300525768492 975.907784764792
4
327.67974514242906 -142.21937602968805 988.4690412546014
lidar3
1
-352.6703542804748 -75.22226763069739 926.3478582638375
2
-418.2617992955867 260.6555653287432 867.0101886277391
3
314.6554033053274 251.6496727948393 982.4241681637351
4
311.99000195889863 -75.17203644733313 1002.1264146678117
lidar4
1
-391.75251048629957 -53.291080271041686 908.487085628618
2
-452.29014788006236 257.6320217306059 846.2933863873808
3
234.59532176395476 285.1021394416785 990.0153733758947
4
239.58778152790936 -74.17051139445242 1016.3482929461771
lidar5
1
-378.96308350584394 -61.21774345032412 914.5435721979064
2
-435.54945113156896 255.04693307845002 857.8396220261221
3
274.14833991820774 291.934857718662 981.1651253411462
4
258.3347116598275 -125.57731192296495 1006.2627190964502
lidar6
1
-401.5816760994389 -63.0389952800809 902.0325916815937
2
-464.8520865528862 251.84476938658577 839.4317237955288
3
244.81727686872912 296.08884439822475 985.3894440466976
4
244.98426045080578 -93.77452876912406 1013.1620143924667
lidar7
1
-322.4239537426976 -62.07203790817373 942.0444233511092
2
-381.4658534123062 262.5673316209527 887.676755285611
3
394.58005434446005 250.43534572290105 959.7719802295709
4
372.64378912209264 -129.64212487318915 978.1723328255312
lidar8
1
-387.8351708138038 -92.82239952972806 905.8492226026401
2
-461.0563764522755 259.32396938607224 839.9440572658567
3
299.63857982715285 246.3382677654779 987.1320990184638
4
288.996048112444 -111.30574401562663 1002.541168268639
lidar9
1
-324.37144077349666 -66.21813534924098 940.7255468586583
2
-382.5731968475216 263.0609153483926 886.9364471582962
3
379.5392766110867 247.60767825260973 965.3133488973269
4
357.1489101291668 -140.70134013874141 980.7886068392381
lidar10
1
-389.00407774064865 -129.566027241094 899.1389876959707
2
-474.12895310839076 266.8870341760881 828.7254840057047
3
307.7436759591958 269.9027456361781 979.6667507933013
4
298.42404279901075 -121.42051722707657 998.9569190497816
lidar11
1
-308.3919902428037 -64.57192591110564 947.9603351610892
2
-362.85848458142544 259.31820001049266 898.4590313563785
3
387.29607855148674 261.3935396093437 959.5269369637311
4
361.30976901664104 -163.48540851704047 975.1315699241483
lidar12
1
-369.5022870433778 -83.79186763654218 916.794921156853
2
-435.9832859928928 264.89851627455045 854.8372709079749
3
324.35554056740057 272.08758237980777 975.0577729445408
4
312.00317662994803 -125.71099520947966 995.1673222283512
lidar13
1
-330.6978958130561 -48.61147367676487 939.5841087408891
2
-388.58248407774244 248.11954292799612 887.5268853312909
3
321.54279170769587 257.78304972602905 979.2931652011285
4
316.59135340323996 -101.86890289338243 997.6973283332221
lidar14
1
-357.1102546164614 -76.47464312112469 924.0007077428678
2
-424.12393311839355 260.39053567945905 863.5081649223505
3
328.66389808290114 246.5238895481547 980.107702542525
4
293.51544119738884 -85.73940949483404 1005.0328764935475
lidar15
1
-345.74092223535786 -76.71099768085284 929.5388059828875
2
-411.55950043624074 258.9586608805443 871.4895297129607
3
415.32144759765276 236.8980291772001 955.7008583609625
4
372.6426431276555 -154.81030369707486 973.5081376442714
lidar16
1
-347.29383019516297 -131.757739797037 920.347874248766
2
-433.0623084553912 268.1785142353247 855.7521440365846
3
358.00869072928253 243.91048542962682 972.6757467353943
4
339.37750495740914 -90.48351069606574 993.4776725392899
lidar17
1
-289.333111782702 -48.82391225199326 957.4644791740285
2
-349.6877153354386 258.6894353464279 905.3306576935156
3
388.9738246466738 245.82014678820187 962.6967035017535
4
363.09254900083585 -141.73665803291868 978.8741869736629
lidar18
1
-210.33153108499403 -57.97582875829866 984.9125283707887
2
-252.12890215594393 271.1433018616185 944.4177638139544
3
480.1071614560688 277.7961843989389 919.5618624501675
4
383.1705842574343 -281.58819007247274 935.6648647035365
lidar19
1
-162.5036442335209 -70.39437832689167 997.2591714794429
2
-208.62891002531725 279.9957395559588 957.0675974090999
3
619.5160863491573 253.45548938965266 850.1951223169649
4
489.4696136700294 -329.6434642945168 874.2251013287729
lidar20
1
-313.2163099104532 -153.31012989624244 932.0119626082076
2
-396.57726881376186 271.0397076888505 876.8777420887917
3
501.51289192861094 266.098381882958 912.9099122845291
4
441.6086973214141 -187.67446258972433 942.2733169851616
