1.jpg
1
1517                1650
2
1595                1820
3
1078                1885
4
1872                1080
2.jpg
1
1511                1651
2
1587                1824
3
1031                1870
4
1874                1083
3.jpg
1
1533                1633
2
1624                1819
3
1058                1882
4
1873                1087
4.jpg
1
1563                1635
2
1653                1806
3
1115                1906
4
1869                1085
5.jpg
1
1553                1634
2
1638                1810
3
1084                1908
4
1868                1087
6.jpg
1
1569                1626
2
1663                1798
3
1106                1912
4
1866                1088
7.jpg
1
1513                1649
2
1593                1831
3
997                1874
4
1868                1091
8.jpg
1
1556                1612
2
1661                1804
3
1070                1880
4
1871                1092
9.jpg
1
1514                1646
2
1594                1831
3
1009                1874
4
1871                1090
10.jpg
1
1553                1589
2
1674                1804
3
1061                1893
4
1870                1092
11.jpg
1
1503                1651
2
1577                1834
3
1001                1881
4
1869                1092
12.jpg
1
1544                1623
2
1640                1816
3
1048                1893
4
1871                1097
13.jpg
1
1520                1655
2
1597                1820
3
1052                1885
4
1869                1092
14.jpg
1
1536                1631
2
1629                1817
3
1048                1878
4
1869                1087
15.jpg
1
1528                1634
2
1618                1820
3
983                1864
4
1870                1091
16.jpg
1
1524                1600
2
1638                1819
3
1026                1874
4
1870                1088
17.jpg
1
1491                1665
2
1566                1837
3
1002                1872
4
1870                1090
18.jpg
1
1436                1676
2
1488                1866
3
925                1878
4
1869                1090
19.jpg
1
1403                1677
2
1454                1879
3
815                1837
4
1871                1086
20.jpg
1
1499                1596
2
1607                1832
3
910                1868
4
1868                1087