lidar1
1
-602 2581 1020
2
-579 2513 124
3
814 2625 115
4
840 2683 1000
lidar2
1
-590 2589 1024
2
-578 2508 131
3
767 2361 125
4
825 2425 1027
lidar3
1
-562 2267 1064
2
-558 2186 148
3
842 2552 122
4
902 2627 1011
lidar4
1
-573 2403 1045
2
-538 2355 141
3
801 2502 133
4
858 2573 1022
lidar5
1
-489 2578 1030
2
-507 2515 125
3
924 2430 136
4
980 2497 1019
lidar6
1
-625 2540 1012
2
-584 2469 138
3
818 2720 106
4
842 2800 1011
lidar7
1
-671 2553 1034
2
-695 2478 136
3
768 2314 120
4
769 2395 1000
lidar8
1
-486 2434 1019
2
-465 2372 143
3
914 2692 123
4
950 2761 1004
lidar9
1
-550 2590 1016
2
-522 2521 139
3
916 2353 130
4
907 2411 1032
lidar10
1
-610 2344 1042
2
-574 2273 143
3
774 2665 129
4
826 2756 1013
