1.jpg
1
814        264
2
794        953
3
1911        987
4
1909.41        311.276
2.jpg
1
810.857        258.014
2
790        965
3
1983.73        971.804
4
1986        195
3.jpg
1
776        114
2
754        939
3
1925        985
4
1924.48        282.43
4.jpg
1
788        191
2
770        949
3
1941        987
4
1937        272
5.jpg
1
887        262
2
869        963
3
2044        977
4
2056        225
6.jpg
1
790        241
2
772        957
3
1861.12        997.757
4
1855        342
7.jpg
1
727        245
2
705        965
3
1905        969
4
1905.26        189.643
8.jpg
1
877        207
2
857        953
3
1941        995
4
1941.47        333.062
9.jpg
1
857        266
2
838        963
3
2032.65        969.937
4
2048        179
10.jpg
1
766        151
2
750        939
3
1863.91        988.004
4
1855        330
