lidar1
1
1124 2251 1005
2
1103 2292 129
3
-426 2301 142
4
787 61 579
lidar2
1
1069 2235 1019
2
1061 2296 126
3
-446 1963 124
4
786 56 593
lidar3
1
1089 2010 1008
2
1069 2014 132
3
-432 2387 141
4
787 53 595
lidar4
1
1294 2153 1003
2
1258.48 2199.03 138.191
3
-253 2315 144
4
789 59 594
lidar5
1
1228 2160 1017
2
1216 2204 123
3
-296 1943 115
4
788 50 590
lidar6
1
1274 2081 1001
2
1246 2114 130
3
-245 2230 129
4
783 52 583
lidar7
1
1052 2102 1011
2
1020 2131 116
3
-463 1752 139
4
779 60 578
lidar8
1
1135 1845 1003
2
1103 1870 127
3
-327 2273 148
4
782 60 588
lidar9
1
1032 2072 1013
2
1011 2093 122
3
-509 2028 148
4
782 61 587
lidar10
1
976 1571 1005
2
982 1581 99
3
-405 2261 146
4
783 61 588
lidar11
1
1016 2164 1018
2
1019 2221 118
3
-431 1687 111
4
778 67 584
lidar12
1
1074 1893 1001
2
1068 1905 139
3
-442 2229 132
4
780 60 593
lidar13
1
1124 2259 1002
2
1091 2287 133
3
-428 2259 138
4
782 57 593
lidar14
1
1093 1982 1006
2
1069 2002 141
3
-404 2375 160
4
776 59 588
lidar15
1
1033 1962 1006
2
1012 1985 121
3
-486 1739 124
4
782 66 590
lidar16
1
916 1622 1009
2
916 1618 110
3
-470 2313 130
4
782 58 594
lidar17
1
1003 2256 1007
2
983 2277 128
3
-460 1782 118
4
786 62 586
lidar18
1
759 2215 1023
2
788 2237 140
3
-453 1301 106
4
790 53 601
lidar19
1
630 2079 1027
2
634 2097 131
3
-587 1160 123
4
789 56 593
lidar20
1
797 1545 1005
2
802 1526 118
3
-690 1933 146
4
781 55 596