1.jpg
0
4307                1971
1
4315                2053
2
4486                2032
3
4470                1961
2.jpg
0
1504                2037
1
1537                2263
2
2413                2190
3
1884                2024
3.jpg
0
2716                2020
1
2739                2100
2
2841                2093
3
2813                2014
4.jpg
0
2497                1982
1
2487                2072
2
2676                2338
3
3079                2715
9.jpg
0
3878                1713
1
4426                1690
2
4800                2051
3
5435                2010
10.jpg
0
4127                2107
1
5988                1943
2
6996                2061
3
7406                1981
11.jpg
0
5987                1966
1
6047                2045
2
6208                2151
3
6487                2008
12.jpg
0
6095                1898
1
6094                1980
2
6354                1982
3
6238                1899
13.jpg
0
5951                1969
1
6236                1973
2
6328                2046
3
6649                2014
14.jpg
0
5134                1931
1
5453                1986
2
5554                1987
3
5797                1931
15.jpg
0
2875                2495
1
2885                1880
2
2395                2220
3
3610                2485
16.jpg
0
6598                2049
1
6458                2022
2
6506                1996
3
6012                1968
17.jpg
0
5729                1968
1
6565                2050
2
6775                2045
3
7019                2073
18.jpg
0
2908                2011
1
3114                2012
2
3382                2012
3
3438                1899
19.jpg
0
6093                1851
1
6083                2036
2
6355                2038
3
6357                1862
20.jpg
0
6726                2034
1
6631                2017
2
5575                1971
3
5500                1971
21.jpg
0
6937                2183
1
6648                2134
2
4933                2028
3
4845                2025
22.jpg
0
6429                2240
1
6016                2014
2
5888                2000
3
5753                2000
23.jpg
0
7399                2247
1
7234                2228
2
6509                1929
3
6328                1925
25.jpg
0
6867                2147
1
6691                2112
2
6474                1974
3
6243                1978
26.jpg
0
6915                2025
1
6669                2056
2
5374                1936
3
5377                1910
27.jpg
0
7031                2290
1
7092                2216
2
4650                1942
3
4774                1938
28.jpg
0
7031                2081
1
6947                2111
2
7182                2052
3
6958                2177
29.jpg
0
5969                1933
1
6025                1936
2
6629                2024
3
6575                2113
30.jpg
0
6193                2191
1
6103                2138
2
5999                2065
3
5948                2028
31.jpg
0
3084                2009
1
3290                1999
2
3532                1995
3
3912                1998
32.jpg
0
6352                1942
1
6404                2142
2
6634                2126
3
6492                1944