01.pcd
1
-1591.27 -5042.9 0
2
-1589.56 -4955.36 -352.586
3
-2272.27 -4932.32 -320.35
4
-2171.78 -5095.86 84.6016
02.pcd
1
23972.1 5451.63 -1826.91
2
17360.2 2936.9 -1773.54
3
18751.8 -691.528 -1972.9
4
24744.6 1709.03 -1897.62
03.pcd
1
4179.47 -3602.27 -265.125
2
4046.14 -3642.9 -548.418
3
4062.8 -4213.33 -602.481
4
4186.61 -4209.76 -285.283
04.pcd
1
11800.5 -6244.36 -495.613
2
11624.2 -5933.58 -1343.4
3
3928.6 -3295.91 -1431.1
4
1245.94 -2395.27 -572.656
09.pcd
1
3.76132 -4582.22 847.856
2
-1503.05 -3886.16 867.279
3
-6525.08 -7562.58 -742.264
4
-13387.5 -4673.03 -681.339
10.pcd
1
-1768.46 -9347.7 -1126.67
2
-27616.7 3926 -304.768
3
-2987.43 3784.36 -506.922
4
-3166.33 11154.6 -329.354
11.pcd
1
-23881 3394.09 -579.814
2
-10981.5 1817.18 -1047.66
3
-6695.78 1863.07 -1240.63
4
-14251.9 8556.62 -907.841
12.pcd
1
-16075.8 3341.42 390.382
2
-15646.9 3357.84 -733.971
3
-16031.1 6841.8 -457.027
4
-16034.7 5377.26 510.508
13.pcd
1
-21619.9 2467.86 -712.731
2
-21417 7842.59 -747.038
3
-10424.5 4263.73 -1010.32
4
-10410.6 8114.89 -865.378
14.pcd
1
-12782.5 -8150.57 33.074
2
-19559.8 -6237.83 -941.608
3
-20157.5 -4743.5 -995.036
4
-15527.7 -792.842 33.9204
15.pcd
1
2455.1 -2946.07 -1018.9
2
2458.33 -3030.27 414.528
3
6718.64 -3269.93 -1534.21
4
669.451 -3549.07 -766.032
16.pcd
1
-8724.95 6371.44 -1064.26
2
-12162.8 6868.18 -885.149
3
-12887.7 7954.62 -760.841
4
-21624.1 3468.26 -574.246
17.pcd
1
-18859.7 -1599.95 -413.322
2
-8770.06 5880.58 -1017.1
3
-7495.82 7122.97 -950.512
4
-5661.15 7803.94 -992.394
18.pcd
1
13015.1 -13597.2 -1192.76
2
9091.12 -13304.6 -915.296
3
5430.62 -13263.6 -751.37
4
4831.02 -13339.7 488.991
19.pcd
1
-9569.73 1737.74 335.226
2
-9619.93 1720.15 -833.672
3
-9541.39 4138.22 -864.364
4
-9523.4 4185.44 336.725
20.pcd
1
-8737.93 7770.19 -1048.92
2
-11137.9 8655.31 -986.597
3
-20560.1 -4312.83 -596.698
4
-20862 -5712.27 -661.222
21.pcd
1
-3503.22 4316.86 -1328.45
2
-6441.64 4915.57 -1283.81
3
-11544.4 -10491.4 -1125.29
4
-11510.1 -11925.4 -1122.92
22.pcd
1
-4144.86 1949.98 -1308.98
2
-13851.4 1991.8 -856.139
3
-14318.5 263.689 -813.445
4
-14433.8 -944.766 -821.612
23.pcd
1
-1368.83 5036.38 -1491.42
2
-2150.26 5164.15 -1486.23
3
-5550.99 3070.51 69.2009
4
-6322.62 2468.52 88.8522
25.pcd
1
-4591.37 4984.34 -1255.14
2
-5951.48 4810.29 -1263.55
3
-7051.95 3795.03 -244.811
4
-7138.69 2225.09 -196.064
26.pcd
1
-2965.08 3533.4 -464.632
2
-2966.64 1974.24 -343.252
3
-15103.6 -6140 35.5698
4
-15607.5 -6133.51 291.248
27.pcd
1
-2404.46 3382.9 -1241.3
2
-2571.56 4134.28 -1065.4
3
-20637.8 -28673 -77.0496
4
-24156.3 -26692.1 -78.5152
28.pcd
1
-4843.23 7265.68 -1092.26
2
-4714.39 6102.79 -1170.68
3
-4255.1 8978.22 -1022.7
4
-3924.23 5014.11 -1307.34
29.pcd
1
-30179.6 3967.89 -531.84
2
-29302.2 5120.88 -584.649
3
-9156.17 6999.4 -1084.77
4
-6823.08 4587.34 -1248.13
30.pcd
1
-5901.97 1397.12 -1286.4
2
-7399.44 1164.93 -1236.83
3
-10292.1 1174.82 -1089.13
4
-11770.1 1099.33 -852.747
31.pcd
1
8344.72 -11997.5 -798.123
2
6027.7 -12227.3 -655.038
3
3524.12 -12584.6 -542.254
4
-113.598 -13446.7 -587.346
32.pcd
1
-5485.38 2345.26 -1064.91
2
-5232.41 3548.87 -1043.94
3
-6435.48 2671.58 -15.1971
4
-6385.22 3643.98 -48.1134